Instance,State,Entropy,Area,Rank,Variance
0,0,6.9887070708209,0.0003112373631722793,126,0.02211113971163744
0,1,4.523583330299971,0.0005467861779106658,77,0.030644713403097348
0,2,6.56988665721762,0.0006727806811562914,119,0.01373882904267939
0,3,8.67950105669069,0.0004732071936183127,140,0.20269684337324928
0,4,5.129304391187933,0.0004281461520997278,122,0.044080671471199845
0,5,5.392330654457839,0.0002883175843439366,114,0.01397514030544392
0,6,8.960023392151308,0.0012442585599733585,139,0.28468892958338243
0,7,8.257408378730604,0.0003169182591087972,140,0.11197591771166845
0,8,7.948387827009712,0.00029403830020982455,122,0.1118797360651333
0,9,8.939598760212395,0.0011965210877201865,134,0.30591605725747334
1,0,7.734729388893275,0.0003394286162393851,137,0.07212315453554513
1,1,5.754904918216399,0.0004240793092231624,126,0.006091354617007513
1,2,7.9773027396546565,0.0003703047398466757,113,0.07524016803480367
1,3,8.252687437407767,0.0003552833040365302,139,0.16086565285075943
1,4,8.243196204219743,0.0004256680275267394,135,0.12660074713876038
1,5,7.870387920682928,0.0002771289425054355,124,0.08606473997386795
1,6,5.584984320260407,0.0003707019430488409,82,0.013550569966794905
1,7,4.16994518822842,0.000584070721994694,69,0.02526846624196201
1,8,8.434648428150819,0.0004388698868812187,131,0.15364914417571432
1,9,8.640266792590847,0.0007857149591261635,125,0.24342045075423002
2,0,3.4594432773203945,0.00036213206779119614,59,0.026343349485032246
2,1,8.891804132495917,0.0008247422787949252,123,0.22169269010058748
2,2,8.082169311393338,0.00034242410993856257,125,0.0838666101402693
2,3,8.876540139890828,0.001259084814437328,119,0.23834725767537315
2,4,8.930759675397624,0.0012225482555464108,117,0.28303320983577324
2,5,7.721122892841368,0.0004171922803470405,111,0.07559086610678067
2,6,8.499865726160637,0.0005503851969116828,123,0.16525972881348028
2,7,3.4594724239743693,0.0002580221344689147,71,0.12815161736116995
2,8,8.693510241998597,0.0006790539971997844,122,0.18012906417069965
2,9,7.960023649672062,0.0005302988113443764,127,0.07105789733762444
3,0,7.499865017622984,0.0005749130713392787,152,0.0694293674195949
3,1,7.499871512551829,0.0002821120266601074,133,0.050247049407694144
3,2,5.754913626232583,0.0002639287023810438,135,0.006109648066435562
3,3,8.487864801744122,0.00047765666627424966,134,0.21957350025249994
3,4,8.751566375583124,0.0007604818091171352,139,0.2808819866115163
3,5,6.988709427033942,0.0002361994564453367,136,0.05384345990169353
3,6,7.087481700878586,0.0004931349156613312,130,0.04522169984388456
3,7,8.396626028575078,0.0004986071024629668,128,0.19666176868688726
3,8,4.906920519537091,0.00026210021481427886,131,0.04352098374984453
3,9,9.033443111275089,0.0013939593090922643,142,0.4061435621685073
4,0,7.686519618742012,0.00037590996947492694,118,0.054277396399013286
4,1,8.607348673678787,0.000510611870940424,118,0.16027383364450495
4,2,6.066113754882684,0.0003007322238499206,127,0.014956657319013186
4,3,8.74485566015313,0.0006006883879031164,113,0.17022130168173666
4,4,8.124142532851954,0.00033693352147793606,106,0.10087948960000707
4,5,8.829744015376418,0.0007560336863830076,109,0.20087328484257114
4,6,8.891806247418248,0.0010636609424650926,114,0.24921194048550416
4,7,6.918883374992214,0.0005866721617677499,108,0.012328469565863158
4,8,8.909913924768267,0.0010645369834933328,114,0.22178747681163882
4,9,8.139572423461416,0.0003151232240304105,108,0.0828906064080665
5,0,7.864207794101904,0.0004121069620115635,141,0.104757287500255
5,1,8.055307907808624,0.00031586775051126376,141,0.15072235803169043
5,2,8.912909291437092,0.0012107217711136815,141,0.4554428430217355
5,3,4.584985656149162,0.00014356236513149738,79,0.03914969578581108
5,4,8.154839483295254,0.0004288502396422798,152,0.14859708390161272
5,5,8.011246144291466,0.00032364215375300486,158,0.11245678814825931
5,6,7.99437271558957,0.0004754023560790414,153,0.1205976217699888
5,7,7.149768644270371,0.0005181096787325829,134,0.06487093651461458
5,8,8.266806735191858,0.0003257541829474476,152,0.15082284218819753
5,9,8.149772708382084,0.00038181163816587563,152,0.14231688310489204
6,0,8.330939380810447,0.00037373009205394407,153,0.19462072621039803
6,1,8.174946612988286,0.00043343742529885365,145,0.15655348524313506
6,2,4.169952312967649,0.0002064976136740092,59,0.012497951998077404
6,3,7.044413874342054,0.0003348847091947333,138,0.024826149216915352
6,4,6.781379144656297,0.0004218298421328399,154,0.011426131421993212
6,5,8.8517706007172,0.001354782147270897,135,0.37242559968656735
6,6,7.451228577645362,0.0004731274474792691,134,0.059814308367345206
6,7,8.724534065170788,0.0011809088581861255,144,0.31677970508657854
6,8,3.3219494691303186,0.00017936293945018797,66,0.21739057740038942
6,9,8.14467720020149,0.0004466913277435013,142,0.12963373444757864
7,0,7.2668106908106065,0.00037681419871888016,124,0.05235413636359526
7,1,7.882665148154785,0.0004061709345195529,126,0.12922529200211055
7,2,7.89483482678257,0.0004243713235417615,138,0.1079337909002021
7,3,8.997199140223664,0.001457079195148049,133,0.4653197924645438
7,4,8.75156702028111,0.0010416348496006403,132,0.317863078234997
7,5,7.000019871367843,0.0005872997572006504,122,0.03085882051362341
7,6,7.7944345447449,0.0003101014404117765,140,0.08387956562057382
7,7,8.491873579980354,0.0005937551053162535,131,0.22564441409737082
7,8,6.906907695006232,0.0004245967198957233,137,0.0227749871357528
7,9,8.434650157856394,0.0004805482528311357,133,0.22383650927614085
8,0,6.820201849877342,0.0005348453163413787,107,0.01077019722031923
8,1,7.499864545264432,0.00022704128032168078,104,0.021157060217340044
8,2,8.744857403970503,0.000624332165795813,102,0.14772354301025917
8,3,7.924831590894691,0.00027848523359905284,109,0.05193462911166267
8,4,5.882668770903364,0.0003114219938257566,90,0.0099987683871598
8,5,8.618407365987817,0.0004192083617171753,102,0.1307041223778236
8,6,8.348748872823252,0.0004437005822469105,101,0.08738297216221147
8,7,7.9069118807920935,0.0002362124955909615,107,0.05126817262061534
8,8,8.194777280320816,0.0003184646217887826,107,0.07386974652189601
8,9,6.977299940649323,0.00028473441480482496,87,0.014490675183887239
9,0,8.823388614289295,0.0008340547152850215,117,0.3283620483233912
9,1,7.994376571331624,0.0004063119674774975,128,0.10685727851735342
9,2,6.686516505990054,0.00034442527692160114,124,0.022405880220882662
9,3,8.503846994474245,0.0005245739828535613,129,0.19125589348461192
9,4,8.471694541526498,0.0004613298574291232,128,0.19727785789880922
9,5,6.98871111004289,0.0004147299252648312,117,0.027653270015630484
9,6,7.451230043306705,0.0005342782818807592,123,0.04750522492359835
9,7,7.845512168638537,0.0004173098481629101,132,0.08235412721821476
9,8,7.546917777241562,0.00034288692728477884,115,0.05964049713723441
9,9,7.622076774152216,0.00033967424143614515,139,0.058411066583739596
10,0,6.8580008952861045,0.0006146535569821653,134,0.04981383084893222
10,1,6.754910855500924,0.00031969897572172573,140,0.04426457194414402
10,2,5.044422618339881,0.00043331447428082584,96,0.0266420876993827
10,3,8.03344519159044,0.0004838742056585523,139,0.10879699807054531
10,4,4.087491759333893,0.0002097162599321006,79,0.014366112092887124
10,5,5.523581936328857,0.0005144983377955739,85,0.040171761395712616
10,6,6.426289359931686,0.00040538807940919733,127,0.037892565172242335
10,7,5.7004586261273795,0.0004529436195793148,144,0.0104968079333159
10,8,7.129301795746292,0.0004346472234790329,128,0.02629768849630018
10,9,7.960022877109806,0.0003667479365463898,125,0.1013892776238514
11,0,8.584983652315664,0.0007633572714603167,106,0.1651796346364654
11,1,8.7715112350336,0.0005364394995827014,116,0.1762028698265361
11,2,7.948389644251278,0.0003035561248106806,107,0.07089039716427088
11,3,7.9483892981101025,0.0004629885204523606,124,0.059682068396018
11,4,8.774806969856176,0.0008078316829871346,116,0.20159968616559665
11,5,8.784655880526685,0.0005928923807384699,115,0.1977347333762425
11,6,5.584977640814176,0.0005329098217611474,124,0.005475489407352381
11,7,7.6582339151244385,0.0005610749539640167,114,0.05403977872326812
11,8,6.988709595334823,0.00031281832437212955,130,0.01482274480847003
11,9,7.49187280813291,0.0003181673448370819,115,0.03705826402860873
12,0,8.933711067573945,0.0013749412903931296,117,0.25368838713163716
12,1,8.471694902780802,0.0004892033680103178,120,0.14384409500345235
12,2,8.108544049835908,0.00042310412829522974,110,0.07311421756868071
12,3,6.375056685257064,0.0003752362866389704,104,0.018122486879741516
12,4,7.199694446093679,0.0004778439994504362,107,0.026430420672190907
12,5,9.014041431129687,0.001192417493658356,116,0.26494864607481866
12,6,7.3398709813086285,0.0003435091471238174,124,0.02440156327135489
12,7,8.071486517831707,0.0004103521946474626,120,0.08053147096045947
12,8,8.04441695093465,0.0004956982594006388,110,0.06106818384866534
12,9,8.438812918835389,0.0006279505655214919,113,0.12445465983839718
13,0,6.50781554467852,0.00022051451539900087,105,0.008379391018266371
13,1,4.08749678855809,0.0001950343061318745,63,0.01408542650329089
13,2,4.247952262563235,0.0002929734282426612,78,0.03008141165426123
13,3,8.48383888293816,0.0007489085469075504,123,0.18110971991610814
13,4,7.774809605034382,0.00045144961795167527,119,0.07611225668790234
13,5,7.826569579055237,0.00024826028398256054,119,0.05477569159611801
13,6,3.0000347331238295,0.0001000911227552971,48,0.03486371571727171
13,7,7.546918577345992,0.0004359302818978911,111,0.04549464117234105
13,8,8.915900443307684,0.0014362428568274398,125,0.26102906438257867
13,9,5.672445458907193,0.00038258351889668775,110,0.004511821753987295
14,0,8.022388940645618,0.00041979274094606573,143,0.09005961011460087
14,1,8.573669403241292,0.000744675208477208,135,0.23162827991450666
14,2,8.89483895793589,0.0008895494744845366,127,0.33210210782975824
14,3,5.000023378076107,0.0003912434339827467,89,0.015790052658500583
14,4,8.87654018536797,0.0011751365820793565,132,0.30702492499841816
14,5,8.515719927737802,0.0005793046905415783,134,0.20245217257740378
14,6,7.672449335604055,0.0004992597845582386,113,0.059487459356898593
14,7,6.988701685189192,0.0004580132999389838,123,0.05418398310887533
14,8,4.0000227101317725,0.0003866781519095749,106,0.11578284175992917
14,9,7.07683206313792,0.0005485600453899928,116,0.028293530052577294
15,0,7.584983652315935,0.0005163246324614787,133,0.028295727659565537
15,1,7.189848861098308,0.0004475431682007053,121,0.0442207175319158
15,2,5.554610680691269,0.00027989093600162417,95,0.0498838923651302
15,3,6.357577288779069,0.00032693947730437094,111,0.0415396013389264
15,4,3.584987437333926,0.0003529866088268084,57,0.00929150291266733
15,5,8.584984375922451,0.0004941437864557335,125,0.15876892229454528
15,6,8.92186332494036,0.0013345128513123396,128,0.2631502773332911
15,7,7.761573394677186,0.00038242734153176605,131,0.07409241223466848
15,8,8.59993305957799,0.0006041927869307094,128,0.16575764832952933
15,9,8.321949669513472,0.0005115229645479681,118,0.11926681489845677
16,0,8.683015333860038,0.0006075405791231702,126,0.228942864954957
16,1,8.945464733711498,0.0010404146473775462,131,0.3223218589750274
16,2,8.683018350172889,0.0009378568440900612,131,0.2556082814494906
16,3,8.661799894221714,0.0006626831239457978,137,0.22094501177076695
16,4,7.942534402501669,0.0005001989158273897,126,0.10403921196907864
16,5,8.228839708501827,0.0004406607348391185,140,0.144392058438562
16,6,8.59620919731832,0.0006330768183438454,135,0.21408077802452385
16,7,8.672448235460239,0.0006517930455631543,140,0.22829412050310766
16,8,7.357575724811996,0.000291528828852384,118,0.06349234486065879
16,9,7.0980514289924574,0.00028558003143155675,130,0.03914828050697625
17,0,8.93665835358687,0.0012048000244369809,131,0.3420838308980177
17,1,8.451235173119834,0.0005153974892051742,132,0.1787061565787616
17,2,8.214340638977696,0.0006805119933009146,131,0.18355021128983479
17,3,6.820203741400957,0.00025919320902689563,131,0.01656843813373092
17,4,7.845512075707028,0.0003780680365653013,139,0.08151098373399054
17,5,7.417875014087933,0.0003969374826407436,113,0.05794258009557201
17,6,8.087481150806576,0.00036677768576899193,119,0.11750770788191546
17,7,8.661799841445736,0.0007130457438378047,117,0.24405562799658187
17,8,7.820200336658137,0.0003340822766040357,135,0.06773164377562771
17,9,7.149769697929147,0.00033422425313246707,131,0.042533472804017695
18,0,8.209479000273234,0.00042011475005492813,130,0.09858626629381421
18,1,6.906914107273494,0.00028950964820818236,127,0.018645972605015153
18,2,4.807364845818402,0.0002581926014224482,90,0.0038448461040077623
18,3,8.951307125535918,0.0009956792945841385,129,0.28821369693286064
18,4,7.022395270702288,0.0005178436077586314,119,0.024211901125647802
18,5,8.27148371042489,0.0003697618856839559,135,0.10246557398184145
18,6,8.675978198145977,0.0004962206361568675,116,0.18046248293109823
18,7,8.9887047987577,0.001247374355377356,120,0.2872030662326238
18,8,7.813800760525506,0.00030934706885662365,136,0.05398248873332793
18,9,8.339872960403431,0.00039413014815904804,137,0.11168989024675607
19,0,8.562263968101009,0.0006296358070868103,123,0.17358251028436442
19,1,6.044417760564123,0.0004195442194623495,125,0.008646627800010975
19,2,8.933712990816783,0.0011041056095890563,124,0.264237628913172
19,3,8.10330786133947,0.0003650897569560842,109,0.10299687503532326
19,4,7.179929137581884,0.0005356531034441901,126,0.027954436584289304
19,5,8.936660578250144,0.0011309308889202588,118,0.2643826546940183
19,6,7.459454693102307,0.0005674968683274714,115,0.045554979491152135
19,7,7.348748086041787,0.00024646009387878717,126,0.03466477228255078
19,8,6.8455078937935046,0.00039627046144706545,103,0.018127283235595995
19,9,8.81380232796875,0.0009192040185781788,119,0.2410362758477293
20,0,8.77150844709168,0.0007866623828917432,127,0.25520243989090585
20,1,8.330936526488644,0.0004301354479570402,127,0.11216849778773878
20,2,8.558445545939353,0.0005698259989091917,129,0.18508758868656233
20,3,6.2479480439672255,0.0004967698468418845,103,0.010701907777759643
20,4,4.459446191989253,0.0004842483449490171,97,0.008894750247123946
20,5,8.31743700318018,0.0003049445139914203,123,0.11311565253832828
20,6,7.0661091291185905,0.0003552815913984695,137,0.03781851745303814
20,7,8.672448811725918,0.0005634805727524843,123,0.2001249541269687
20,8,8.962915409210932,0.0011246642311009659,123,0.3067541178290738
20,9,8.285422222962824,0.00029159348593561324,129,0.11419563814562267
21,0,7.4998692688495785,0.0003808967399687399,129,0.051694876435256915
21,1,8.696989827552,0.0004908974354022188,124,0.18224208519740226
21,2,8.005645341259525,0.00034922988314274004,112,0.07579334532281963
21,3,8.523581297425698,0.0004371418231596198,131,0.14033910090492394
21,4,8.36196436837108,0.0003430993544965597,115,0.1159864499971292
21,5,6.714264856268689,0.00040482624501447307,104,0.013481686591109
21,6,8.622070481234493,0.0006584787858050311,122,0.18451171079259923
21,7,7.2574087978332,0.00043451911258617326,122,0.044850718216751934
21,8,8.668905675794212,0.0005955742452405844,118,0.17794763782059325
21,9,5.087487358760853,0.0005601276873684037,89,0.02029009786637824
22,0,8.280790769825328,0.00035687185726872024,126,0.10712885390460831
22,1,6.491873758098578,0.0005133468802031918,121,0.005061650388727595
22,2,6.599936199605179,0.0004302385453001423,107,0.018965707971881615
22,3,7.442965361453163,0.0004360365992840764,123,0.038390035441709824
22,4,8.507817423730879,0.0003435971734612945,126,0.11284582082976426
22,5,8.348748872823252,0.000493061223752357,117,0.10976214710404557
22,6,4.0000106871266405,0.00030389248820311134,89,0.05142638963578412
22,7,8.36196482314179,0.0003300803727742501,121,0.08604471728938796
22,8,7.357578331423714,0.00021724853990829796,112,0.033715586941109224
22,9,8.633019047995884,0.0004139027406749365,121,0.14900720247610355
23,0,9.019610084610465,0.0013488125121395712,138,0.3360768557339358
23,1,8.42628556973586,0.00044980451140831516,138,0.17983747458067026
23,2,7.238427529079363,0.0002929274472426745,120,0.03135861539791583
23,3,5.977296887188195,0.00046081619068806306,118,0.004787915866156431
23,4,7.149768644270371,0.0002481064873284384,132,0.049791711530536895
23,5,8.049869762378512,0.0006554759223415328,133,0.11261654787233775
23,6,7.483838823234025,0.0003362444988939155,140,0.04508944617465388
23,7,8.455349203499454,0.0005660028406995703,129,0.17131999636097822
23,8,8.738116136699523,0.0009424376863756198,137,0.26581467606989806
23,9,6.539186390768642,0.0004950529922542198,134,0.01589405953501499
24,0,5.584983429667792,0.0005017625453056406,101,0.007455071220963863
24,1,8.988706018940283,0.0011509878501684376,124,0.2937792303543802
24,2,8.61840665895234,0.00046599106050061387,123,0.1589306446102409
24,3,8.50781519235644,0.0004260539730089714,123,0.13013818161206053
24,4,8.129305765245196,0.00042563800384986476,115,0.09237690853388716
24,5,5.044408368858342,0.000403549004856283,88,0.028144564617616583
24,6,8.550768843601084,0.0006113452172618426,120,0.16401100691258227
24,7,8.839223855618473,0.000582655165829281,120,0.21754891889968045
24,8,8.471696287589555,0.0005353736820746348,122,0.12837801568918783
24,9,8.30835932555721,0.00044217561475351887,119,0.10532832603720116
25,0,5.954215960902094,0.0006982414772108528,115,0.034624375141847144
25,1,7.483840017324284,0.0004231405033146654,125,0.04508442235668392
25,2,8.554610510151937,0.00045613166851946085,129,0.16245303747958573
25,3,7.96580600089257,0.00047586346192339963,128,0.06813918483498715
25,4,6.2479536687615305,0.0005452543173720982,111,0.02068079478426653
25,5,8.383724898780677,0.0004873954310796689,121,0.1535403808747615
25,6,8.573669122739432,0.0005539684855279652,126,0.19702386806143776
25,7,7.851772821415439,0.00046250103109268006,120,0.059456484563411405
25,8,8.252690100425308,0.0005798274645428603,133,0.10584728018914286
25,9,8.011248961049573,0.0004042939347519255,135,0.08439743107212996
26,0,6.129300727034914,0.0004520792424846773,102,0.01620134400054005
26,1,5.3575785920847565,0.0004115888545566455,88,0.023412242882240218
26,2,2.321983667833133,0.00016897285652373134,45,0.18360236850902467
26,3,8.768206287301329,0.0009121244394724734,134,0.25172351814691996
26,4,8.724534418881802,0.0008179985257963212,125,0.23649095042587256
26,5,8.546914691123792,0.0006380642878605874,134,0.18019216548089437
26,6,5.523585653584756,0.00024607690819801833,110,0.002403886118853041
26,7,8.84237073975085,0.0011592617354876827,129,0.2790603156118663
26,8,7.700459345452293,0.00019051644264101824,128,0.0477016178144069
26,9,8.451231692175437,0.00040237026424880755,126,0.18492078979619583
27,0,5.392338288111634,0.00037934347412930887,105,0.10525572605263211
27,1,8.636644222551753,0.0005557241765143377,131,0.1893946146012624
27,2,7.276144538433199,0.00023935192310861668,120,0.051419586553159626
27,3,7.643876067822001,0.00034009834799467967,126,0.06754514719961768
27,4,8.945463866602841,0.0011097203305516273,130,0.2864435095893745
27,5,7.948390076927952,0.0003218558147877322,127,0.08329704345755141
27,6,8.690017275519727,0.0008830548080057315,126,0.2409586790049904
27,7,8.611046718205534,0.000581529428248526,125,0.1938007702823527
27,8,7.531402488150298,0.00033230589957934626,112,0.07346284869912179
27,9,7.9830133437583655,0.0002756725979001332,132,0.0727450397246503
28,0,8.082170652211982,0.0003471547983447366,127,0.11353982324952197
28,1,7.257408099329153,0.0003636803240587537,148,0.02819013789916329
28,2,7.033444375780357,0.0003128436403613086,119,0.03313987344295183
28,3,7.219185878071994,0.0004747904709747865,122,0.044466331906843716
28,4,7.149769547406428,0.0003049138826364929,134,0.0279671513444713
28,5,8.748214323247709,0.0010464725744612714,129,0.2837153750530241
28,6,6.32194733170789,0.00035349677188647473,145,0.05529289309431378
28,7,8.826569014097457,0.000903244285680706,133,0.2704473285907196
28,8,7.8392274024327575,0.00034759514902515996,144,0.07746803322924677
28,9,8.945464820422472,0.0012286013281407604,140,0.3466025802210371
29,0,7.392344140576062,0.0003297399709593909,118,0.048219196997047284
29,1,6.285422496991175,0.00029094652119757955,120,0.02469731801061451
29,2,8.781381962167742,0.0009287501485097167,138,0.2549553613827626
29,3,7.577449418930237,0.0005495773468766084,130,0.06585509581364325
29,4,8.971565013350032,0.0012560625501352193,140,0.3103879206087933
29,5,8.962916565731977,0.001215727611075032,132,0.3317404484400595
29,6,7.199693282870783,0.00038876755302785397,135,0.038861955047833886
29,7,7.96580463294225,0.0002870864769505118,123,0.09184900169400421
29,8,8.807379254339812,0.0011246369270058601,134,0.27005341353775575
29,9,6.629381880544163,0.0006772345703349342,141,0.014687246929748462
30,0,8.27614577951739,0.0004074134051466003,113,0.08546214885649188
30,1,8.832913966438724,0.0009149325826594875,115,0.20609576534185828
30,2,8.603646949977175,0.0005395206730691243,121,0.15065225262935975
30,3,5.392344395030882,0.0010422434416460763,107,0.003148453720409181
30,4,8.483838584415833,0.00043578904023807254,120,0.11890482365587049
30,5,4.754905709854509,0.0002594941366656481,95,0.011216983514980773
30,6,8.99437422435835,0.001359217774419539,108,0.2549104191336363
30,7,7.95421630564765,0.0003469793441770475,110,0.06109311355677936
30,8,7.149767139043335,0.0004705860395556498,114,0.028348866031545347
30,9,8.942534836937567,0.0013063072502719488,119,0.2480377449217332
31,0,8.707379739306434,0.0007381683066149548,128,0.19771251281417576
31,1,8.103311125765673,0.0003969319408181728,132,0.0770116473861374
31,2,5.0000260498531,0.0001903957942697109,95,0.07078622168763907
31,3,8.344320241665768,0.0003913873152730598,127,0.11973067208764245
31,4,8.16492822644398,0.0003903202767204203,128,0.09932473347419182
31,5,7.924833526009671,0.00032100491899603303,126,0.0678520352030845
31,6,7.629378426124991,0.00024403370959664086,124,0.04533075904757826
31,7,8.487863253750577,0.00043686361559548475,118,0.1650320318267454
31,8,5.554612045003178,0.0003188951810868062,108,0.010568495512666127
31,9,7.12930423851496,0.00023608169609184326,115,0.029474989215325507
32,0,7.546913776718601,0.00043409781091359597,133,0.09128770875675203
32,1,8.098054705333194,0.00036410963417874814,131,0.21249933041713773
32,2,7.375055268892377,0.00031924381789907023,143,0.05239638263759542
32,3,7.3487507086457455,0.000428072924817145,143,0.05627403423241094
32,4,8.169947563142228,0.0003709203306787711,145,0.1628455903646787
32,5,7.672446611438934,0.00037357976822153296,152,0.11162422426689664
32,6,4.459450078213187,0.0004063697316288667,105,0.018351456100092128
32,7,8.400898281031129,0.0005904526008615947,129,0.24178946397404014
32,8,7.845512726226754,0.000294598168012138,136,0.12899470582353464
32,9,8.842376001813653,0.0014366826034859156,150,0.49984599707769983
33,0,8.640264971228264,0.0004408838428373107,113,0.1496331624787337
33,1,8.87653672911049,0.0005004490854001965,106,0.19141127690384155
33,2,3.169948750598605,0.00041448043817853166,54,0.15737811207332825
33,3,9.022387871934898,0.0011672196727185637,108,0.22140182569334496
33,4,7.658235502319077,0.0003844907710500385,109,0.04201578252371932
33,5,3.1699558753355492,0.0002727116068567076,56,0.016900970552817605
33,6,8.829743404684306,0.0005425267813703494,109,0.16646339186039327
33,7,8.584983207019548,0.0006039149846276842,114,0.1340911029140351
33,8,8.348752741163299,0.00044331591406505385,107,0.07974112937166648
33,9,8.921862046894178,0.0008974625487954758,106,0.1987403921450076
34,0,7.4429669583775135,0.0004964955711349398,138,0.05825323755568977
34,1,6.266809302874316,0.00045660793920753476,122,0.02910820129270422
34,2,6.832910450941788,0.0004949296784517012,119,0.02146173315917364
34,3,6.44296192192268,0.0003416576668121698,149,0.022778840311443765
34,4,8.487860812683772,0.0007054410139026432,122,0.21356417934503263
34,5,8.797683620575754,0.0008267330741894719,136,0.26330058194201483
34,6,5.93075485743724,0.000478283096903935,124,0.011288957828205288
34,7,8.430473925908533,0.00046473442610697545,136,0.1444843081971743
34,8,7.988708248927286,0.0003784877375927165,132,0.09257778640060733
34,9,5.807377823030616,0.0004561392291025562,137,0.01733625225073756
35,0,8.781382350789716,0.0007899245451679196,119,0.23635030780979854
35,1,8.266807359763117,0.00037947364597590327,130,0.10081584135019342
35,2,7.000025882867088,0.0002993641150689152,125,0.018805190762636197
35,3,4.523582400985918,0.0003109258837805517,76,0.024191875106612082
35,4,4.754908084768544,0.0006624633586591709,107,0.19358443548210205
35,5,7.876538138899549,0.00043820443942746364,120,0.04858344267517436
35,6,6.375062608234995,0.0003797370062037553,110,0.012010283701736655
35,7,8.59993741154566,0.0005334874126065923,132,0.1828096078519502
35,8,7.554614432548648,0.00022972547447609496,130,0.0359992738164148
35,9,7.983017145497451,0.00034052436957891433,132,0.08217165656595715
36,0,7.8703866418832575,0.0005610658630784509,105,0.06964740384981585
36,1,6.303798875702268,0.00032259695601972684,106,0.023919304908685414
36,2,6.858006791622477,0.00031244466899397935,104,0.031432153763612185
36,3,8.912912794681155,0.0011938529941491688,118,0.2456175584227922
36,4,7.870383992941049,0.000283911624572231,112,0.06881819766733978
36,5,8.430472191188555,0.0004567670383081328,121,0.13006991167372878
36,6,6.794437048032444,0.00038589375277588015,123,0.019281943993713493
36,7,8.817003338745154,0.0008893405214989462,116,0.20713200178413463
36,8,8.467627105463372,0.0005915086803375118,115,0.12130470315550189
36,9,8.383726754626261,0.0003444825861014897,116,0.11628640106356834
37,0,6.149768493747626,0.0006118339834055039,126,0.007309848142708416
37,1,7.383727330578411,0.00042955495886647105,109,0.03473692950148753
37,2,8.710828930216733,0.0007087837306218864,136,0.206479521860054
37,3,7.651073384440078,0.0004456928590675131,135,0.06122631913405969
37,4,7.813800950518592,0.00036521323623085045,126,0.07809474779268581
37,5,7.27614577951723,0.0005465303704140001,122,0.04008229230984675
37,6,9.060714944359068,0.0013980640274090035,133,0.36812441095070836
37,7,6.129302253765502,0.0004071653942785005,147,0.01923334340435985
37,8,3.5849803125931543,0.00020593894428286421,59,0.059881957413634106
37,9,7.321946797352251,0.00029104190085442244,125,0.03296005601514917
38,0,8.447105641603697,0.00040913219622183434,132,0.1499214832005656
38,1,8.076838712896855,0.00042186827827244664,122,0.08895627960213252
38,2,7.845506406890561,0.00054552680985768,111,0.07675781587915428
38,3,4.321945194285026,0.0002160923868736943,94,0.003848050272595042
38,4,8.48786009822472,0.00043077700034517216,131,0.1691218537866183
38,5,7.118965214851085,0.00030404727826701755,129,0.02502553049983328
38,6,8.797682563872986,0.0006316386152284357,125,0.24379740956449608
38,7,6.965809420767545,0.00040782389536568635,112,0.03576342379555461
38,8,7.9248367805204865,0.00032589995502714097,116,0.075579127482667
38,9,8.479801398785177,0.0004298541158945942,120,0.15871312547959723
39,0,8.312905270530601,0.00047449629670949067,129,0.12349424011981765
39,1,4.90690983242904,0.0003548391840925009,123,0.012086045968134325
39,2,8.826568825778894,0.0011212914021462045,122,0.29210487836703397
39,3,8.832911529027836,0.0012084209238479803,133,0.2509106554198704
39,4,8.823387717798353,0.0008843921606930107,128,0.23860208671175034
39,5,8.876537502220925,0.0011899076963092275,128,0.2804279362613703
39,6,9.025159377557019,0.0012935519461569661,131,0.3359667037463783
39,7,9.005645299675097,0.0014307702622630974,129,0.33366015761001555
39,8,7.858000711025533,0.0003880952569009831,114,0.0662377639802153
39,9,8.906912237029175,0.0012006755116572133,131,0.25681777245486836
40,0,4.392334725740525,0.00020984521795351234,77,0.01884812505791767
40,1,8.633013556381918,0.0005149439107970278,116,0.1476973954115381
40,2,8.17993400205931,0.0003987651508728429,123,0.09168178039477295
40,3,8.738111581537707,0.0008208169868819311,111,0.19152278174591542
40,4,8.734733503180268,0.0007484392644788031,116,0.18674698715359553
40,5,7.954216219461135,0.00029253258030904807,124,0.060569896453088294
40,6,9.038938738119063,0.001172755396814966,115,0.25153593430582155
40,7,8.997198931082199,0.0011365758542793538,117,0.24193473007304678
40,8,6.569883957317922,0.0003078993403698542,108,0.012026308110764258
40,9,7.108548464077265,0.00026425378370911485,118,0.02488852693365091
41,0,7.546921434861223,0.0002371404014615784,120,0.05447824774122548
41,1,5.977301297742896,0.0005552091710807805,114,0.004334651502166033
41,2,7.888762999782385,0.00027021318842857775,111,0.058461834139332744
41,3,8.219188173291295,0.00033839482888303247,123,0.10830547267680557
41,4,8.848643248279465,0.001345398869966447,123,0.2263967347420568
41,5,8.784656704476678,0.0005794669598606489,120,0.21447738676487035
41,6,7.592478743752884,0.00039073847240210177,111,0.042278942765283364
41,7,6.686515053372245,0.0004560034165363404,120,0.026422130763788715
41,8,8.483836614166469,0.0005782881989110038,109,0.1557505455390114
41,9,5.906911969851464,0.0003079599829993171,104,0.01388859245900779
42,0,3.000032061348946,0.00014617443800555395,46,0.12753404518765737
42,1,8.330939911846448,0.0003596342509106714,121,0.12477147562812396
42,2,8.129304467524518,0.00030122585319075407,131,0.06843838502218917
42,3,8.299228103391652,0.0003408262206922976,124,0.0934611297030084
42,4,8.679501317351567,0.00044622069679067257,126,0.15641271121431505
42,5,8.383725538727706,0.00045266625089916923,131,0.12286215249076289
42,6,8.603646400511204,0.0006452058130473606,114,0.16954433414295783
42,7,7.348745070046353,0.0003962141459647952,116,0.04050034175139564
42,8,8.618407202825725,0.0006539078686815064,130,0.18682977794003366
42,9,7.774804041879776,0.00029644573930339986,117,0.055196232599681226
43,0,7.2288413471920645,0.0005484862520753418,116,0.0334232102783698
43,1,8.303803137019056,0.0004046750471846199,129,0.10942041540116951
43,2,5.977300619196137,0.00033892123620605206,111,0.02815818770198587
43,3,8.379401538545793,0.0004934336002487018,129,0.10908293749870461
43,4,4.954214926665329,0.00033547104367005016,90,0.004234205419243426
43,5,6.6865214863926985,0.00035305471658063895,118,0.013880568773503337
43,6,6.8703862765119865,0.0004382998535492652,136,0.02063070316361207
43,7,8.63664513552151,0.0006962585256556124,129,0.17716508926669997
43,8,7.266810135636146,0.0004318341049566577,112,0.043973010733844756
43,9,7.864205408995299,0.0004740401174007047,121,0.05746243608186018
44,0,3.9069247943774172,0.0002172384105808828,74,0.013643466129205055
44,1,4.807371716109121,0.00074369231868388,92,0.0061460942785912
44,2,6.76820864042622,0.00042264461251529376,127,0.016587496852236767
44,3,8.396623047599872,0.00046445261475999965,114,0.11784045295130127
44,4,7.965807796327097,0.00038955100654120245,123,0.07572995045413013
44,5,4.08747541433943,0.00016397199253146772,56,0.03446770945196712
44,6,8.781378707456184,0.0009683898524422479,122,0.20762253568018801
44,7,8.357574226009865,0.0005839088769608119,125,0.12958714261495555
44,8,7.3129059426760445,0.0004190659073728963,113,0.028897717681167157
44,9,7.475755285529005,0.00025573749785703004,125,0.04283073492803663
45,0,7.0874824866957296,0.0003011617628547898,109,0.033752831740448366
45,1,7.876538684624418,0.0004260125553147388,115,0.09206991639458408
45,2,7.714266281217021,0.00036988733526708135,115,0.0521664406743701
45,3,7.339866231480239,0.00040780407858435083,105,0.03669677944240435
45,4,8.353167480730752,0.0003236429120889319,116,0.1502747074821345
45,5,8.224023191412659,0.0005356724783556066,124,0.10972027997242637
45,6,7.774809995430925,0.00030068213728516027,120,0.08175909686442183
45,7,6.965804974929936,0.0003894092394172893,91,0.023605015029518648
45,8,8.842371903924942,0.001008625383604342,115,0.2657989818269001
45,9,8.238426396670542,0.00042066644138689165,114,0.12128678293164095
46,0,8.577450426092605,0.00037202027971569373,140,0.23882605796435974
46,1,8.56607479205401,0.0006942832747259064,134,0.24890816264842022
46,2,5.727941022231696,0.00045900362879310643,100,0.015201390183584502
46,3,7.011250783657359,0.0002737457991395267,137,0.030186572754614366
46,4,8.092771390419774,0.00035132893140708333,137,0.13399665680234962
46,5,6.741491357029989,0.0004422635092325386,114,0.023698534277719
46,6,4.643880983892713,0.0004417454485734758,83,0.006257338311413408
46,7,7.1699471178457905,0.00037526867566442133,141,0.04841964514298001
46,8,8.81700537664171,0.0009009807374105129,141,0.31324339288880415
46,9,6.55461068069123,0.00028785618451217243,115,0.01660863412755888
47,0,7.312906614821226,0.000256693837575737,108,0.027428353360264758
47,1,8.596209970545742,0.00041690478246127487,115,0.14666926389853213
47,2,8.209476111865703,0.0003876093391428043,113,0.08043478181151846
47,3,8.184895688838287,0.00042704544764557054,105,0.07080110067035883
47,4,8.936659356866281,0.0007652723828510128,109,0.21701664036441418
47,5,8.527498380303564,0.0005390489530839965,107,0.1417086919411816
47,6,8.21919039678392,0.0004988420447553477,109,0.09209215535159929
47,7,6.8202012824201095,0.00072328166852182,114,0.012917814455672702
47,8,7.1996931374678095,0.0002902537321537929,105,0.02672025334497066
47,9,7.562262328279399,0.0003305146217143817,107,0.041415970529371536
48,0,6.169949938055067,0.0003048628208634377,105,0.032658284276132876
48,1,7.189847982705748,0.000413687066536009,111,0.03584952142216197
48,2,8.957122641688368,0.0012628766181412095,122,0.24692738741637932
48,3,8.14976706378187,0.00039435116888750243,116,0.08078251253359131
48,4,7.44297113494808,0.0004258446625430998,111,0.044241652005105186
48,5,8.285419140141471,0.0003740631162702003,123,0.1148941685303418
48,6,5.754905314035479,0.0005939286419959524,96,0.008616633605807705
48,7,6.392344140575992,0.0003440695036004153,121,0.009929207072573725
48,8,3.169958250246845,0.0005386411074780087,61,0.012204375942152566
48,9,8.668908196587227,0.0006219070583278676,117,0.16015984541751171
