Instance,State,Entropy,Area,Rank
0,0,4.169953500423733,0.0038519048442115836,64
0,1,4.807390800227636,0.0018893762518865805,90
0,2,6.954216650393267,0.004509576772361504,85
0,3,4.906917669642615,0.0025241902638972924,71
0,4,6.59993157219609,0.0023868719535565875,81
0,5,6.686519618741987,0.002613745333516349,88
0,6,4.8580008952861355,0.0041684930216262855,80
0,7,6.584984097612253,0.002653095792180148,93
0,8,3.16994162585707,0.0011507635423762784,44
0,9,6.087482643859204,0.0014102579766500235,77
1,0,6.658236666261379,0.0028939085472179634,105
1,1,5.129306833955921,0.0022567627913573298,80
1,2,6.303796981783111,0.0023072483051976658,106
1,3,6.49187755795985,0.0022546963557966353,87
1,4,3.9069190945899495,0.0016875363889098508,65
1,5,6.714271573880624,0.0020931919650853353,105
1,6,3.3219558813951533,0.002202179283895794,47
1,7,5.392338288111634,0.002726142271148717,87
1,8,5.321946262996513,0.0038578339051128234,87
1,9,3.700461092384053,0.0013788914691356348,51
2,0,6.870387555311604,0.0037686123330052993,107
2,1,6.5391776572169205,0.002209375961492682,111
2,2,3.700470957405333,0.003673929532591443,71
2,3,6.918882138466779,0.0048044400898149256,104
2,4,2.8073793497604695,0.002703601707791413,43
2,5,6.475756486327879,0.002439400706436888,98
2,6,4.3923337079200016,0.0018726033156179996,92
2,7,6.930759587798565,0.002536519100344796,109
2,8,6.303803475218847,0.002035008721832263,94
2,9,6.906911257377394,0.003896309525477024,106
3,0,6.569877657549358,0.0024289430956874604,82
3,1,6.426288117244622,0.0026369975215706433,84
3,2,2.5849731878477984,0.0005181271175343504,32
3,3,5.285427429503402,0.00198972327695692,85
3,4,5.39233777920157,0.0014321258409176415,67
3,5,5.858000158243889,0.0016957555232551232,78
3,6,6.475752643770916,0.001787395559289045,80
3,7,6.599934657135702,0.00212927725828523,82
3,8,6.741493754138096,0.0030577835221312485,82
3,9,6.000020038353988,0.0015032312286263059,76
4,0,4.64388953357571,0.002199192784887692,77
4,1,6.459456150435341,0.002866369863643653,92
4,2,5.044420027526411,0.0022531311233621237,76
4,3,6.768204718550934,0.0040336494957705195,90
4,4,6.882662974504872,0.006113435564272845,105
4,5,6.42628264941992,0.002134014766186836,105
4,6,1.5849767502210506,0.0002907721671878647,17
4,7,6.3923443950308965,0.00232360057074303,88
4,8,5.754912042957399,0.0027650362253265216,107
4,9,6.108543662621559,0.0029059102405385616,85
5,0,2.8073701893782173,0.0011999658993560034,37
5,1,5.882664785879731,0.0023139006785754656,69
5,2,6.870387737997247,0.0016366321273935205,78
5,3,6.228837499831898,0.0029412159339787538,79
5,4,6.26680486147712,0.0015253328018998793,62
5,5,4.087493016640158,0.0017417815025576589,49
5,6,3.0000133589066893,0.002152780706575992,38
5,7,4.000013358906687,0.006541713729135642,54
5,8,6.599935758899641,0.0018386788346743373,75
5,9,6.47575888792521,0.002289983571608355,72
6,0,6.459456879101764,0.0027142571487700747,99
6,1,6.409404263611672,0.0019937281338919806,84
6,2,5.426287123094894,0.0023925121037015142,85
6,3,5.129304391187933,0.002462717699664513,75
6,4,5.459457364879414,0.0019212160980191892,90
6,5,1.5849909997025868,0.0005146197228979509,17
6,6,6.044420999081548,0.0026223289280694127,80
6,7,5.4262781757431915,0.002523011124918439,90
6,8,3.8073854566777565,0.0022644050097320833,63
6,9,4.80736560918425,0.0015085061669411189,69
7,0,4.247946637768183,0.0038629929625431498,63
7,1,6.954216650393267,0.003549414858510946,99
7,2,6.965804974929936,0.0059206134501733395,100
7,3,5.977314190123431,0.002174741486090587,83
7,4,6.169942813314341,0.0021068683773095963,81
7,5,6.686518788674914,0.0022839697888353988,101
7,6,6.906914641628915,0.005148439353176362,104
7,7,5.954216305647667,0.002913596092792939,81
7,8,6.3037994168219615,0.002039920675983468,101
7,9,6.40941029868897,0.0027187217775458384,89
8,0,5.977309101027622,0.002175982003962852,91
8,1,5.954220097848221,0.0016273608848763844,70
8,2,5.906918738353107,0.0026962326617013662,95
8,3,5.584986101445381,0.0022624495148520045,88
8,4,2.8073762963005593,0.0008295895460368501,39
8,5,6.266805139064472,0.0027783946526887724,83
8,6,6.727941627162577,0.0038428590785041304,91
8,7,6.108543662621559,0.0018579370693758332,94
8,8,5.9069116136144295,0.0030088787776927106,85
8,9,6.741493354620108,0.00322443420860862,76
9,0,5.5546115902325885,0.0024688023340698625,74
9,1,6.1898485683007785,0.0020967300750829717,101
9,2,6.247949450166102,0.0028371602898223385,95
9,3,6.4429653614530675,0.002772717361286976,97
9,4,5.781381087767613,0.001639935993290714,90
9,5,6.392335234650763,0.0031021231141841452,107
9,6,6.189846225920515,0.0028273255848038806,91
9,7,4.95421768462984,0.003320544228884792,73
9,8,2.8073732428398097,0.0010255572220734482,35
9,9,5.357568165634865,0.0019979478842297744,72
10,0,6.988704546306334,0.004709367930969714,110
10,1,6.523584027285478,0.0033170681352493172,116
10,2,6.599930690784597,0.002163691853828716,115
10,3,6.321948400419117,0.0027383567771208104,113
10,4,6.584983429667787,0.0025377252535395394,113
10,5,6.988702358393278,0.005482039339571882,112
10,6,6.247946075288496,0.002915163341883205,97
10,7,5.169954687879716,0.0019085270416794237,86
10,8,4.80737324283981,0.0016616753379352634,104
10,9,7.139568785295136,0.005481292272557635,108
11,0,2.584983874964113,0.0006296324709707752,42
11,1,4.643876709048765,0.006774500850180153,67
11,2,2.584983874964113,0.0019594516617734274,34
11,3,5.044420027526411,0.002521679019488424,77
11,4,5.7279345696339234,0.003020623251549483,86
11,5,1.0,0.0,13
11,6,4.643874999110707,0.0015366098838229911,68
11,7,4.3219537439739595,0.0023272764961604284,92
11,8,5.000028721629443,0.002207035869753155,96
11,9,5.977298244282109,0.001993163935319662,71
12,0,6.209477628279962,0.003574313640482739,97
12,1,3.9069119698514787,0.006430748184392108,75
12,2,3.3219622936562634,0.001883445031962965,58
12,3,6.066107374517859,0.001805290904515045,82
12,4,5.807378586395596,0.0038098624048367846,111
12,5,4.754897001832099,0.0027012581310723828,112
12,6,6.686523561559843,0.00256408170798399,90
12,7,4.169946375685273,0.0019156631377790936,59
12,8,7.066105779426013,0.004658568742502208,111
12,9,2.000026717797243,0.0014506207559244404,20
13,0,4.08747541433943,0.0015982022384045539,59
13,1,6.569874732655518,0.0024166932120268775,100
13,2,6.392338542566659,0.002839805204689581,89
13,3,5.4918758955206775,0.003750688641912601,98
13,4,6.228836929852439,0.0031500720784358983,89
13,5,6.918883728285194,0.0024977940330341963,95
13,6,5.357572857538532,0.0026201855031334456,100
13,7,6.49187257064159,0.002794222715622723,97
13,8,6.584984988204807,0.0019350340706016907,93
13,9,4.643866449416503,0.0016755101529767934,66
14,0,6.658230529108919,0.002550951437469225,94
14,1,6.000022376159605,0.0034453709413851596,84
14,2,5.321952140907806,0.00245513324383067,87
14,3,4.954221132084515,0.0035194756936324364,81
14,4,6.9307599381956,0.0032915459199998865,92
14,5,5.643877564017697,0.0021970272590935585,91
14,6,7.033442417836181,0.003042707621556431,86
14,7,5.9307562590259595,0.0023675756645825463,83
14,8,6.108547379877707,0.0019870765691264603,90
14,9,5.169943407042878,0.0033881514467116016,91
15,0,5.906910188666123,0.0024781672132017755,77
15,1,3.700464380725452,0.0017920993877734686,60
15,2,5.882661163129727,0.0018110769797421004,81
15,3,5.8580027378916135,0.0017995570518401136,57
15,4,4.392334725740525,0.002419216491773979,71
15,5,5.700463147597552,0.0028693584654748716,76
15,6,6.189846811515634,0.0024141611696876105,75
15,7,4.754906501492571,0.0021864275376903275,65
15,8,5.0874823295323335,0.002834790243892984,61
15,9,6.426287620169794,0.002877296514963362,72
16,0,6.169940141535348,0.0020391225210736014,43
16,1,6.228839209769924,0.0032554727543759954,47
16,2,6.5078190679015355,0.0032520488726676764,46
16,3,6.507820242308972,0.0025676098225828293,46
16,4,6.523580077700416,0.0019748413435615093,51
16,5,5.781377201544689,0.0017316903197366353,46
16,6,3.584983874964113,0.00044825711391654517,25
16,7,5.209473006826734,0.0016992825288617988,47
16,8,6.539179266029572,0.001440140079090034,50
16,9,4.459452992880256,0.0010217741340224171,29
17,0,6.409412310380655,0.004132898828700404,98
17,1,4.3923581355869095,0.004091216293553906,99
17,2,5.700463558640214,0.001819451912819335,117
17,3,4.906906982531811,0.0017020164095842814,112
17,4,6.858000158243898,0.003355881168695124,117
17,5,6.303805910256297,0.0021510407439629922,100
17,6,5.321946797352201,0.003000493032910557,97
17,7,4.807387746770857,0.0027849347989590875,76
17,8,4.45945104976897,0.0016628381113905177,90
17,9,5.700455748827182,0.002043389081876737,94
18,0,3.8073854566777565,0.009284820382738307,52
18,1,5.727941022231696,0.002684430096033878,98
18,2,5.247950575125031,0.0030761213612879807,87
18,3,5.169941032128411,0.0013271694825900953,80
18,4,4.700466846980877,0.002448886993337351,61
18,5,7.159887330096918,0.005902168515579341,93
18,6,5.000022042187383,0.0018866873563314417,69
18,7,6.918884434871066,0.0050951709670468545,87
18,8,5.5849869920377495,0.0022744578233171537,73
18,9,6.507816249323229,0.0019511499479716967,95
19,0,6.108547379877707,0.0019137476663391713,88
19,1,6.459446920656324,0.0025496639747194074,96
19,2,6.714266281217023,0.0055654145859088955,97
19,3,5.9542187188663664,0.002624554759020476,86
19,4,2.5849981244364715,0.0009119397167890892,28
19,5,6.954214064801292,0.003696043197908792,92
19,6,5.754914813688817,0.0015385932670162691,75
19,7,6.2288446245719955,0.0023416737047453895,92
19,8,6.475758407605773,0.0030899010066825286,86
19,9,6.700459037170159,0.0037081592763495543,88
20,0,7.033443396808334,0.0045414419119468655,106
20,1,6.7142644491405665,0.0028151265740862254,104
20,2,5.554615228397051,0.004542153412175247,89
20,3,5.044414198193913,0.0021880449870065924,76
20,4,6.614727074375556,0.003634575195460481,106
20,5,6.7279428370241225,0.00321673006138696,88
20,6,6.882665691567043,0.0027696082572472754,103
20,7,5.906916957168925,0.0017532809372897587,100
20,8,6.303801851860291,0.0021258390910470683,90
20,9,6.569876082606593,0.003000798505840731,92
21,0,2.3219451942850333,0.001599106521716293,28
21,1,6.087489559047582,0.0021946277144108788,82
21,2,6.584980757889593,0.0029889187700460687,93
21,3,5.882660800854674,0.001620322147908229,93
21,4,6.741489958716644,0.0016696652365403367,85
21,5,5.727944248529199,0.0030112445152674517,84
21,6,6.066104822370862,0.0020745113894965845,76
21,7,6.266806804588601,0.001254571720565921,79
21,8,6.584985210852947,0.0021084919484944988,93
21,9,6.149768493747626,0.003964598083462289,85
22,0,4.169949938055089,0.0034287434584750116,84
22,1,6.882658989479148,0.0027777390044278045,90
22,2,4.584980312593163,0.003362103749018968,91
22,3,5.42628563187012,0.002958326781178377,82
22,4,5.459449106657346,0.0024925899085759943,84
22,5,5.882663336779897,0.00455184868411822,98
22,6,5.584982984371471,0.0021339270888124265,77
22,7,6.700464586246714,0.004650258641899418,96
22,8,6.614727510584315,0.0020318096917706853,95
22,9,5.044420675229849,0.002870211654397873,59
23,0,1.584962500721156,0.0005866094680334727,21
23,1,6.96580275201039,0.003687339738461271,94
23,2,6.672447344867983,0.002739843785575856,84
23,3,6.629373460395687,0.0020577264229787156,95
23,4,6.845511239324557,0.0040059974668409356,85
23,5,5.807379731442867,0.0019609524324676487,98
23,6,5.70046273655488,0.004468885674981143,93
23,7,4.169940438399707,0.0010810079149800832,51
23,8,5.247943825369579,0.0015460203842605723,65
23,9,4.274844460896414e-05,4.166872437130075e-08,8
24,0,1.0000641226049551,7.142073072662254e-07,7
24,1,6.977297905008695,0.004041379148334987,100
24,2,6.35758067737358,0.001972815956412089,92
24,3,4.807381639854846,0.002985774317195778,71
24,4,6.00002170821516,0.0015924788476136846,84
24,5,6.459455178880059,0.002561309964156001,103
24,6,2.5849767502210512,0.0011158380824975696,41
24,7,6.209470984940304,0.0015607742346687402,106
24,8,3.000029389573416,0.001353213442758622,53
24,9,4.64388012892406,0.005515094061333958,81
25,0,6.3398748075577664,0.0026995638828968462,93
25,1,3.45945687910181,0.0015547220158334996,59
25,2,4.858004580496763,0.0007535773769765944,62
25,3,6.442966344175911,0.001872473081054704,90
25,4,6.228834649934534,0.0020446725173232667,82
25,5,5.1699457819568515,0.0009819415296781083,80
25,6,6.686522523976335,0.004227982614223909,90
25,7,3.906900570260374,0.003527462758881597,52
25,8,6.882659351754251,0.003344103887162906,84
25,9,5.858004949017763,0.0033283807462566903,76
26,0,4.087476671647554,0.004839023898424615,66
26,1,5.643879273955327,0.0017666156131145052,76
26,2,6.727947676469243,0.0031839968447828658,86
26,3,6.7004631475975875,0.0034226514881773693,89
26,4,3.169944000771424,0.004149608013567628,62
26,5,3.000032061348946,0.001157603515826898,43
26,6,6.554609771149897,0.0019008601139784617,81
26,7,4.000012023016744,0.00490275796130462,71
26,8,6.357575724812016,0.00239775820215469,92
26,9,6.044413226638196,0.0021314617181125354,86
27,0,1.5849767502210506,0.0023553369117246974,23
27,1,5.614733835609545,0.0019207101109999973,65
27,2,3.4594452204330497,0.0026643745226826083,45
27,3,6.45945032110212,0.0026397381480316924,75
27,4,6.794434352184286,0.0022686512057267594,68
27,5,6.727944046885576,0.003228785201917779,68
27,6,2.000080153198105,0.0006047351246590379,18
27,7,6.882664242467362,0.0025484102226179806,75
27,8,6.988704378005355,0.005659490647601966,76
27,9,3.584985656149164,0.0057180247492416,52
28,0,6.700460475819949,0.001970241912736803,108
28,1,4.858001632328363,0.0025247320366482986,77
28,2,7.02238655659762,0.003202609996401677,94
28,3,4.700459448212981,0.0021498219029447915,72
28,4,6.507814605152198,0.0018385541005123305,96
28,5,5.906915888458179,0.002283764605221645,104
28,6,2.584990999702587,0.017075060536763987,29
28,7,6.870386824568967,0.0029463310301983633,108
28,8,4.523580542357579,0.00267060965579919,67
28,9,6.392338542566659,0.0016542640124388363,105
29,0,6.357579895390266,0.002565084102096957,92
29,1,6.5698787825082725,0.0022283921690351978,105
29,2,5.554612045003178,0.0017596280785468822,78
29,3,6.700459242691543,0.0030411721628349126,90
29,4,5.672453840952952,0.0024865591904679463,87
29,5,4.6438826938298465,0.003087277074424222,81
29,6,6.507813665625755,0.0033717249580242125,103
29,7,6.977300788832837,0.003568684543843747,95
29,8,5.459449106657346,0.003109607211824373,91
29,9,4.000016030686095,0.001377018706600884,48
30,0,4.807372479474481,0.002355179952713929,89
30,1,5.523579613043294,0.002527000889168101,81
30,2,6.6438805564084005,0.002319821616579956,81
30,3,4.16994281331431,0.0037807059393623896,60
30,4,6.044419379822988,0.002531529663825666,78
30,5,5.3575785920847565,0.002536934845042499,90
30,6,6.45945372154693,0.003420023592287011,88
30,7,5.857994630425269,0.0018053811410113935,92
30,8,5.0000260498531,0.0026393178894799463,62
30,9,6.066103865315575,0.0030869688729748966,94
31,0,6.189851496275368,0.0019229222413260365,98
31,1,4.087493016640158,0.00587449372626386,78
31,2,6.442965115772381,0.002054129103090994,91
31,3,6.741491357029989,0.002522522265644993,90
31,4,6.741489958716644,0.002257505837670889,97
31,5,6.303806451375647,0.0017569618646671946,85
31,6,6.85800550179919,0.0020886391266347654,85
31,7,6.169949344326884,0.0020994860227456723,90
31,8,4.247941012970257,0.001073270959870349,74
31,9,3.9069048451084116,0.004344076784233954,79
32,0,6.2288397797492046,0.0019997433994585895,85
32,1,4.247950012645558,0.0037635946553280933,63
32,2,4.247952262563235,0.002097669412736323,77
32,3,6.599935979252415,0.0021021220196115243,85
32,4,6.491874233081296,0.002780257636845833,80
32,5,5.247956762397213,0.002849427857305106,74
32,6,5.247953387521897,0.002169050202405274,80
32,7,6.906911613614453,0.0021628308008684034,84
32,8,5.754903334939983,0.002538770090573622,66
32,9,5.977301297742896,0.0016718269090685409,73
33,0,5.459450078213204,0.0010091203047617662,76
33,1,3.8073778230306212,0.0014112933180321634,44
33,2,4.000016030686095,0.003585341110495036,66
33,3,6.894837341397622,0.004049578776669894,110
33,4,6.686520656325787,0.002808991860936384,94
33,5,6.357572596877268,0.0026176962716476307,97
33,6,6.12930866603156,0.0022196839989051783,108
33,7,6.000021374242972,0.0027200641123052006,92
33,8,6.714261599243238,0.00266968108107795,93
33,9,4.087486730107402,0.0010800155439691277,84
34,0,4.700461092384052,0.002623438402114741,79
34,1,6.9069100105476045,0.006296391152604477,98
34,2,4.643869014325461,0.00186270204399864,88
34,3,6.40941407061061,0.002315421256247317,99
34,4,2.000026717797243,0.00044703031173653915,21
34,5,5.459448135101382,0.002884515462515538,81
34,6,6.658232433742831,0.0037411095357032164,86
34,7,4.584980312593163,0.0012041420130156667,77
34,8,4.754907293130597,0.0031333077569426025,91
34,9,2.3219494691303195,0.001511082828962638,35
35,0,5.321946262996513,0.0016007245975487986,78
35,1,4.584982984371473,0.001706377502631797,58
35,2,6.554610908076582,0.0026856404041603462,107
35,3,4.0000227101317725,0.0019268577394599912,70
35,4,6.266808470112471,0.002261805684683572,89
35,5,6.539180185351019,0.0022132347334566697,101
35,6,5.129308666031563,0.002978291057246106,70
35,7,5.459452507102464,0.005639455843935571,105
35,8,5.2094776282799575,0.0023016425774822547,77
35,9,6.426286128945041,0.0029947260375176904,106
36,0,6.6865208638424845,0.002630627594777379,99
36,1,6.149775116744123,0.001588793492223213,92
36,2,5.49187494555534,0.0021933086997370224,106
36,3,6.658233280246694,0.0023045511734737854,105
36,4,4.807377059665622,0.002740119098861964,84
36,5,4.906922656957454,0.0030512928311975324,79
36,6,2.3219409194380933,0.001623235986903547,21
36,7,5.000014694796471,0.0038077628929848875,80
36,8,6.459460522433269,0.002438112605771307,108
36,9,5.000020038354001,0.0028020824341540144,95
37,0,4.643876709048765,0.001841116437958908,79
37,1,4.321965499785444,0.0021217390634598703,69
37,2,3.8074053041356546,0.0026936030063282167,68
37,3,6.04441873211944,0.0019709704294312907,91
37,4,6.044419055971215,0.0020688028655342786,81
37,5,6.6582313756129015,0.0020847669202967104,88
37,6,5.129308666031563,0.00315086535017395,69
37,7,6.2854216749055976,0.002678898518955644,96
37,8,6.044417760564123,0.002360096407455305,92
37,9,6.942533272969409,0.006013441618637699,97
38,0,4.3219430568617705,0.004793367938116919,59
38,1,5.614728164897402,0.0031426476855292242,87
38,2,6.832913075846135,0.0034931209041121182,84
38,3,6.108547070106437,0.002250912625839023,65
38,4,6.894838778320313,0.0035784849154621495,97
38,5,4.2479567623972105,0.001479114416823416,84
38,6,5.459455421768911,0.0024455176008503126,94
38,7,6.022383268254413,0.002728534003031509,96
38,8,5.8580005267649815,0.0020305995462891638,85
38,9,7.04441241700834,0.006475457742203232,99
39,0,5.781375647055127,0.002006953089810775,91
39,1,6.845511796912935,0.004071343759485892,110
39,2,7.00001803452021,0.004176339463071465,109
39,3,5.459451535546825,0.002936525643804131,83
39,4,6.672442315638429,0.00198088552024377,96
39,5,3.4594588222120715,0.0025012959657972765,57
39,6,6.412260495499814e-05,4.56455455009624e-07,8
39,7,6.189846225920515,0.003007307294816369,111
39,8,6.61472794679305,0.002624236669229722,111
39,9,6.1497666874751875,0.0022667905658163507,112
40,0,3.000018702464845,0.0008854209486367466,46
40,1,6.714260988550885,0.001987563354039371,83
40,2,5.044424561449579,0.002514881008402213,80
40,3,5.3219430568617625,0.002743509931891076,74
40,4,6.599939064190793,0.002572167441510288,82
40,5,5.6438737166569775,0.002862307742934699,60
40,6,6.087488930394279,0.002213477034975829,77
40,7,5.977302654836273,0.0016439943254648946,73
40,8,7.076834438052324,0.006708264374190981,81
40,9,7.108542268650166,0.005528171136806287,79
41,0,3.584987437333926,0.0031429356000057863,53
41,1,5.044416141305085,0.00218846013461917,82
41,2,6.988702358393278,0.0018044972845395997,96
41,3,3.000026717797241,0.001695629138423482,34
41,4,5.39233930593176,0.0029359887133282737,89
41,5,6.906911969851453,0.0024679380586709264,97
41,6,6.9773018066529335,0.004763999578798748,86
41,7,6.794440321561585,0.0022706593880056167,95
41,8,6.965804632942305,0.003959799872998316,86
41,9,5.20947185146312,0.003561505004484628,88
42,0,6.409417339608249,0.001952134863699381,78
42,1,4.087494273946278,0.0014053169137582169,63
42,2,4.459460765321999,0.0020998413563344067,73
42,3,5.357581720017797,0.0017326083483595713,63
42,4,6.954216305647607,0.006664350868808829,80
42,5,6.727943240311286,0.0028086522023293113,77
42,6,6.67244147743326,0.0021560011577933607,70
42,7,6.0223839259231395,0.0016479481304288335,72
42,8,6.832913638325659,0.003585085809545021,72
42,9,4.392332690099371,0.0012167147953547775,61
43,0,5.4594593079895795,0.0028934176012632247,86
43,1,4.807382403219548,0.0050045156315553395,69
43,2,6.988705051209322,0.0022624774305432145,101
43,3,5.459451049768968,0.0018916398077028567,75
43,4,4.247947762727422,0.004973737509988652,77
43,5,4.807372479474481,0.003495055461819256,71
43,6,3.16996774988692,0.0014066466990280094,52
43,7,5.781386139855402,0.0015352657799292272,93
43,8,6.459457364879402,0.0034103030056476446,92
43,9,6.426282152344846,0.0019418725441380338,89
44,0,4.392331672278661,0.0018932122990549896,49
44,1,6.768202169331234,0.0033242162290417175,80
44,2,6.977301128106178,0.005566712173976158,84
44,3,6.4429646244109895,0.0024236695270000953,78
44,4,6.614736452860355,0.0035226281423324443,86
44,5,6.426278424280857,0.0036170565601560435,80
44,6,6.614725765749077,0.0018740565409326587,82
44,7,5.614728601106145,0.0021810505956164268,69
44,8,4.247951137604453,0.006071496127021492,59
44,9,6.303802122420018,0.00201582936412764,72
45,0,7.0980497128134825,0.005071832968739151,88
45,1,6.569877207565728,0.0029807519048995167,93
45,2,5.4918744705726095,0.002113219012669809,65
45,3,5.643875854079757,0.0013873768889179283,73
45,4,1.5849981244364708,0.00015646525678671952,17
45,5,6.614731654566784,0.0018288641769482594,85
45,6,6.087483901166518,0.002220865832136297,86
45,7,6.339871113248292,0.0029760310421960605,94
45,8,5.357574421505983,0.0019130475592443724,74
45,9,5.70046273655488,0.005541828932999578,73
46,0,6.523583794956954,0.0024706465535609605,95
46,1,6.599937081016205,0.0023999432372984754,103
46,2,6.169954391015753,0.003128561768548051,88
46,3,2.584987437333923,0.0009068555710178939,36
46,4,6.686521901426189,0.0017860961856539567,105
46,5,6.5698792324918625,0.002110144850624889,106
46,6,6.3923344712854,0.002020588287681934,85
46,7,6.066113754882684,0.003070695482379306,86
46,8,6.247947762727441,0.0017238517520025344,94
46,9,5.169947563141986,0.001766451196197436,59
47,0,5.643873289172386,0.0013581899257966933,67
47,1,6.906907695006232,0.005797613431923067,82
47,2,6.6293721649876955,0.0023899820249042173,79
47,3,5.832910638434977,0.0021731941441911584,69
47,4,3.584976750221051,0.0055919596837968625,70
47,5,3.5849803125931543,0.002010164791749723,51
47,6,3.584987437333926,0.0017978620290451024,48
47,7,5.781384585367103,0.0017547907415794946,67
47,8,3.584969625473397,0.0023525267340823316,30
47,9,4.247942137930068,0.0028860699386660566,61
48,0,6.700462736554897,0.00325693974111067,77
48,1,6.459451778435782,0.002280423436992855,94
48,2,6.942534663162959,0.004484356910402456,95
48,3,6.686522523976335,0.0020726629302693198,94
48,4,5.727940618944458,0.0019210181919161057,78
48,5,3.45945687910181,0.001213356569495106,50
48,6,4.64388012892406,0.0025021380624624173,61
48,7,3.9069076950061885,0.0016014216763051317,86
48,8,5.209477050598389,0.001313278767108412,82
48,9,3.8073839299487506,0.0017092450786157108,54
49,0,6.882664967017184,0.003055026422373316,105
49,1,6.321945728640782,0.0024403438941278796,88
49,2,7.139568785295136,0.0044338445183914115,105
49,3,5.643874144141595,0.0020709000213909147,93
49,4,2.807397670502214,0.0016517419201399419,44
49,5,6.1898456403254105,0.002901716180190916,84
49,6,7.02238770751745,0.004033405734745015,93
49,7,6.845511796912935,0.005019619721484421,105
49,8,6.459450078213189,0.0023210474041928104,85
49,9,5.4918754205380385,0.0031587338374025192,86
50,0,4.247954512480452,0.002377954068671129,81
50,1,6.409410550150424,0.002497696819586852,92
50,2,5.807378968078032,0.002191876947686109,118
50,3,6.930758361408743,0.005222912249847782,103
50,4,6.149777224060398,0.0027931889813119152,86
50,5,3.8073671359157832,0.0019226124982642703,70
50,6,4.392336761381301,0.0024500437130863346,102
50,7,5.954221821575289,0.003163955757204746,112
50,8,3.169946375685268,0.0012753082027576951,40
50,9,6.392332944554543,0.002214429391523179,100
51,0,4.754916001144907,0.0016741201028609128,74
51,1,6.820200904115374,0.0033874349710708213,96
51,2,6.507813195862527,0.003178374518548449,98
51,3,6.794437625714216,0.002463214315482683,100
51,4,6.000023378076082,0.0027984101057395884,93
51,5,6.459452749991359,0.002173451776383961,96
51,6,5.832907638543506,0.0022652625090098686,95
51,7,5.95422044259367,0.0018462466569962607,96
51,8,5.087483586839672,0.002439384586611263,81
51,9,3.906900570260374,0.0021626212258021526,71
52,0,2.321936644589502,0.0002470828763340078,17
52,1,6.247945794048654,0.002026340864275394,81
52,2,5.643880983892742,0.0023625026566437652,64
52,3,6.977297056824985,0.005882135646437968,79
52,4,6.89483410832099,0.0026836241518323114,85
52,5,6.149768493747626,0.002808547678055544,71
52,6,5.906911969851464,0.002237929507548146,84
52,7,5.807379731442867,0.0026267707565526947,70
52,8,4.700466024895785,0.003605301628510303,59
52,9,5.169941625857072,0.00207523751902816,77
53,0,6.569881707400958,0.002298578733900723,115
53,1,4.906913394799543,0.0028140351143501703,93
53,2,6.882666778391743,0.0039496425811679295,101
53,3,1.5849767502210506,0.0008036070575052854,17
53,4,6.988705219510285,0.004999143380037768,116
53,5,6.599932673960324,0.0025110327103367055,117
53,6,7.0980497128134825,0.005849756190981863,114
53,7,6.845512726226857,0.0029800057151407057,118
53,8,6.643872861687797,0.0023549755855015466,115
53,9,4.321941988149982,0.0016054975637035678,108
54,0,0.00012824483816051353,7.506165123749923e-07,8
54,1,5.392332690099369,0.0033871250419998883,104
54,2,5.807386220042166,0.001755787936421433,86
54,3,6.569875632622984,0.0029899909610036487,101
54,4,6.523584724270933,0.0025930914466646146,91
54,5,5.554610225920574,0.0019971274188249435,67
54,6,5.129301948419396,0.0017131391875409806,86
54,7,6.988706061015107,0.0034981083550077257,102
54,8,6.426285134795089,0.003988211289372455,86
54,9,6.845510124147599,0.0029054005538014355,104
55,0,6.7944341596236235,0.0028956551601340462,100
55,1,5.727941828806168,0.002080063125910598,83
55,2,6.523590067824484,0.002848218740018026,91
55,3,1.5849838749641134,0.000993808306320958,17
55,4,6.918883374992214,0.0031969342447335856,88
55,5,5.672447554419204,0.0019838151823730566,90
55,6,4.754905709854509,0.0024024954917119226,89
55,7,6.1497666874751875,0.002548982574390117,100
55,8,6.658232222116857,0.004206178443654971,80
55,9,6.0444167890087295,0.0023378871750549925,95
56,0,5.52357682509997,0.002719965096739651,81
56,1,6.6724481830727145,0.0029405721826046846,93
56,2,6.169949938055067,0.0020495344261990084,77
56,3,5.285424689219108,0.0028486214951011827,60
56,4,6.087487358760849,0.002193712186213199,75
56,5,5.426280164044203,0.001959795974174049,76
56,6,7.1189576800525805,0.004616094681949367,80
56,7,6.8073766779830684,0.0021936275770759995,93
56,8,6.507819302783091,0.0023179673301072534,94
56,9,5.321952140907806,0.0018756331675401925,91
57,0,6.426287620169794,0.0025784828832451792,86
57,1,4.754908876406431,0.002973281788532096,74
57,2,6.781376618611148,0.002415079500994686,103
57,3,4.858000158243859,0.0028071841967083453,73
57,4,6.523584027285478,0.002388994902280069,103
57,5,6.228838639790618,0.002283947880093693,100
57,6,6.768208444332538,0.0019955571987130974,100
57,7,3.700454515698308,0.006720776448171513,55
57,8,6.794437625714216,0.0019075957229132516,104
57,9,5.807376296300566,0.001961983245417065,93
58,0,6.942532925420986,0.005572601456625658,72
58,1,5.643871151749141,0.003685559326941468,62
58,2,5.52358147167179,0.003124296695748428,72
58,3,6.988703368199438,0.005406452530203,72
58,4,6.5546070425253,0.005266457230073258,73
58,5,6.044420351378166,0.002145117441393339,70
58,6,5.781381087767613,0.0030219109932053106,69
58,7,6.965802239028971,0.006048355939260531,73
58,8,6.491871858167353,0.002756630074897772,68
58,9,2.584987437333923,0.0005824620774722435,32
59,0,6.47575888792521,0.0028040024180563633,101
59,1,6.044423589894754,0.0027227777403840137,101
59,2,7.022385241260376,0.0046546338252889214,97
59,3,4.3923428683014105,0.003952820026097488,61
59,4,6.870388468739673,0.0022874131573650575,97
59,5,3.4594529928802573,0.002523806911301863,65
59,6,5.584986101445381,0.002693180795410806,65
59,7,4.523588906182641,0.002122386349899594,89
59,8,6.321952140907758,0.0030284579610762355,98
59,9,1.0000320613489462,1.1915110605491533e-06,13
60,0,7.000016698630814,0.0017099648867128776,92
60,1,6.807378968078048,0.002427195903874719,89
60,2,5.357574421505983,0.0017829666793805106,84
60,3,6.022394777451186,0.001177537451989041,85
60,4,6.475756966647313,0.0025085829423387913,82
60,5,6.108542113764453,0.0022159114596999084,79
60,6,6.303801310740705,0.0027619912510274294,82
60,7,6.523585885913189,0.002228907983595411,79
60,8,6.375060290548402,0.0021324430749144136,88
60,9,4.8073701893782195,0.003029823631085016,82
61,0,5.426280164044203,0.002282648282654254,63
61,1,5.781379144656321,0.0012209068307601528,77
61,2,6.228844339582496,0.0017311386713569222,86
61,3,6.066108969609416,0.0022077246198867837,80
61,4,6.658235819757892,0.001415694162571433,85
61,5,2.584987437333923,0.001502144160200817,31
61,6,6.832912138380374,0.0035222583009587864,87
61,7,6.930758887004368,0.0024376529192543183,89
61,8,4.7549136262325735,0.0018343538372597847,67
61,9,5.247945512808819,0.0026819955076288734,59
62,0,6.209474451031083,0.0033685792339921187,106
62,1,6.882662068817306,0.003777928155444688,107
62,2,6.658234338376379,0.0024942491796017393,106
62,3,6.754907688949585,0.003094163385723138,108
62,4,5.858003106412628,0.0016758461336188384,84
62,5,5.614728601106145,0.0020777640174939925,106
62,6,6.4262891113943095,0.0025018989926353158,106
62,7,4.45945104976897,0.004212883362826969,59
62,8,2.321979393001067,0.0007470380244871637,30
62,9,5.930760113394112,0.0026258906455705407,86
63,0,5.357568165634865,0.004709160215274807,78
63,1,5.882669133178229,0.0024080056234711406,79
63,2,5.087477300301568,0.0027714787870109702,90
63,3,5.087479814917237,0.0015974792460051452,75
63,4,6.870378603711727,0.001965982830057977,91
63,5,6.965803093998099,0.0018544496454777609,80
63,6,6.8826665972543255,0.003006779872842003,81
63,7,6.599936860663458,0.0023739035066310064,93
63,8,6.768205306832341,0.001985919645293926,89
63,9,3.584987437333926,0.0018285630576660573,50
64,0,6.228837784821588,0.0028821444058691288,91
64,1,5.858002000849463,0.003701464535915848,90
64,2,6.8703840842838995,0.0024310700002843234,96
64,3,6.087485472800433,0.0027677115834641706,96
64,4,8.54967239952849e-05,6.599751486067328e-07,8
64,5,5.8826680463537375,0.002346016958635807,85
64,6,6.285423867133677,0.002462404379593581,96
64,7,5.67245258364647,0.001842774062415156,75
64,8,5.954224234792784,0.002861345132101272,75
64,9,6.228842914634823,0.004074028688939382,91
65,0,3.0000053435646112,0.0016519561481959457,38
65,1,6.781382253634231,0.0020668577027691537,104
65,2,6.727941022231699,0.0026730708728988106,107
65,3,6.807378968078048,0.0021037679241890984,86
65,4,6.672447763970422,0.002306533197095942,83
65,5,3.000010687126642,0.0014039541833163237,37
65,6,6.3750613206313576,0.0020674924899340423,99
65,7,6.614729691627867,0.002632372139731481,102
65,8,6.727938602507939,0.002495322661252672,100
65,9,5.954214926665294,0.003586385424303741,87
66,0,6.781383419500748,0.004935376197226264,86
66,1,3.16994162585707,0.0011527180678385293,29
66,2,6.087476671647541,0.003322299282362797,103
66,3,6.491873045624395,0.002349162630287732,85
66,4,6.72794223209338,0.0015701521508185768,105
66,5,3.3219451942850347,0.00792916407895639,55
66,6,6.066110883718982,0.0019068664594357372,104
66,7,5.392341850481642,0.0016489737251594084,100
66,8,4.000020038353983,0.0015309540994199939,67
66,9,6.375058230382079,0.0014186304896602032,88
67,0,5.977301297742896,0.00343171119012503,83
67,1,6.569874957647384,0.002686292162379167,81
67,2,4.169941625857071,0.0018643947541292715,60
67,3,6.965803777973267,0.004170817013067109,80
67,4,6.6147336175052684,0.0016068594327369276,81
67,5,3.3219622936562634,0.0019554688482639796,44
67,6,6.339870849368964,0.0020278444850236324,83
67,7,5.554611135461939,0.0020189993772016107,72
67,8,6.741484365461635,0.0016116744699573404,84
67,9,5.614736452860369,0.0017475708077619339,79
68,0,5.554605678212786,0.0025183189048075053,87
68,1,6.409413567687814,0.002284372080691957,97
68,2,6.643876067821971,0.002320056680271165,93
68,3,6.507817188849386,0.0031387733729370594,96
68,4,3.906900570260374,0.004242945769772029,63
68,5,6.727944450172701,0.002973936881114255,91
68,6,3.5849927808864863,0.001696708815263763,58
68,7,5.8329140133119015,0.003420701523430358,93
68,8,6.149766988520636,0.0017489395349363154,90
68,9,4.807377059665622,0.0021677446802685217,66
69,0,5.247952825042598,0.0034554645058373474,83
69,1,4.954225269028704,0.002530077744853138,74
69,2,6.794437433153657,0.0032207358402618447,113
69,3,6.044415169749553,0.00254026085968763,106
69,4,6.714261802807321,0.003145578008164769,112
69,5,5.6724437824972895,0.002066380034108552,80
69,6,5.614732526983933,0.0030019524210859664,103
69,7,5.044414845897688,0.002763584189964582,72
69,8,6.727946869895202,0.004199249692195801,112
69,9,5.1293025591115775,0.0026938169764763897,98
70,0,6.906913216681044,0.005311544816116724,105
70,1,6.714271166752732,0.0026854548653214463,110
70,2,6.285423593105204,0.002309928163851457,85
70,3,6.0223839259231395,0.0026026113680135076,107
70,4,5.169948156870326,0.002660184764112666,104
70,5,6.169942219585689,0.001991496433001382,108
70,6,6.930758011011677,0.0025775347573068767,89
70,7,6.794435507547885,0.0022402530307515786,108
70,8,6.149775417789367,0.0020766436821146603,108
70,9,5.00001202301674,0.0023211059204172537,63
71,0,4.954223890047478,0.002021955424314502,91
71,1,6.5999395048961915,0.002414883124703951,84
71,2,4.000013358906687,0.0011837544872543683,51
71,3,5.727945861677578,0.002931989811087874,81
71,4,5.285417564476761,0.0028142415740142744,93
71,5,5.523581936328857,0.0011292619147618527,79
71,6,5.321946797352201,0.0020350288453366123,77
71,7,6.965803435985681,0.0028628255027110016,94
71,8,6.1898397843723725,0.0024651008977225526,80
71,9,6.539184092466167,0.0021818326812130715,97
72,0,5.392336252471138,0.0029527588459195625,75
72,1,5.5849825390751375,0.002894640989615833,73
72,2,5.67245467915718,0.0024458284247930295,73
72,3,5.930765719745328,0.004614297179239395,90
72,4,2.8073854566777534,0.0016574145582446873,30
72,5,7.000019036437191,0.0036377343381957744,91
72,6,4.95421768462984,0.0054884474518982875,74
72,7,3.7004676690658806,0.003858593513371194,65
72,8,7.022388365185913,0.004034638794757295,93
72,9,6.82019787767649,0.002060574589482762,87
73,0,4.807376296300558,0.004173456502465059,77
73,1,6.64387863272869,0.0022568886463589354,87
73,2,6.98870420970441,0.0022654756871312693,85
73,3,4.16994518822842,0.0019810905593581653,59
73,4,7.129299963669554,0.004959494565215124,89
73,5,6.228849469392688,0.003625453728838235,79
73,6,4.169953500423733,0.0038192433941407803,58
73,7,4.523584259613943,0.001132811610772985,56
73,8,5.491876370503332,0.0021797667443337137,75
73,9,3.000026717797241,0.0014116759834092913,46
74,0,3.584976750221051,0.0022665237607619715,50
74,1,2.321953743973955,0.0017711771081869046,34
74,2,6.870389930224633,0.004415206144160664,82
74,3,3.321938782014004,0.0012271831376292177,34
74,4,7.0000208732845435,0.0028030791003349387,81
74,5,5.247951137604448,0.0034030711552754398,58
74,6,6.523581936328895,0.0028198133203590344,72
74,7,6.965805145923707,0.004691972303990297,82
74,8,3.700464380725452,0.0031487440712029595,55
74,9,4.906904845108412,0.003281862891118028,77
75,0,5.491877320468552,0.0019499795804365293,86
75,1,5.129303780495855,0.0025949739412521947,79
75,2,6.1699419227214065,0.0016261462513880876,114
75,3,6.022385241260435,0.002606813165240476,114
75,4,5.392339814841799,0.0013887287141922723,111
75,5,6.918879488768855,0.0037812933471398314,109
75,6,6.768207856051304,0.0034869393594235978,107
75,7,5.584988327926188,0.002631227188236725,101
75,8,5.954216650393247,0.003239335070947169,110
75,9,6.491873045624395,0.0026926530472933244,86
76,0,6.409418345453545,0.0027868449500321737,96
76,1,6.392340832661766,0.0029169185229164342,84
76,2,6.45945032110212,0.0035353445574746356,90
76,3,6.768206679488732,0.003362709645215752,101
76,4,2.5850123738904696,0.0029286367145175954,30
76,5,4.858001632328363,0.0033498792149236015,84
76,6,6.700456570913066,0.003286890043813769,96
76,7,6.357576767456719,0.0018921782329431101,100
76,8,6.357574421506003,0.0023180514386634994,99
76,9,5.930760463791116,0.002166159476413279,97
77,0,6.672448811726204,0.0036065043904829016,97
77,1,6.918884611517503,0.00506315415885927,92
77,2,6.794436855471972,0.004140518676267725,96
77,3,5.209470118417469,0.004645105912503936,84
77,4,5.04442391374637,0.0038117068302773068,74
77,5,6.169948750598563,0.002123451495708685,99
77,6,5.700466024895781,0.002373555615763208,96
77,7,4.523582400985918,0.0021257678948680735,63
77,8,6.539174439590807,0.0019876566317388383,102
77,9,6.6147292554191965,0.004400220383464013,89
78,0,5.58498788263008,0.0035298068985615354,69
78,1,6.14977300942752,0.0017772703353586745,90
78,2,5.8329140133119015,0.002870993541689181,75
78,3,5.459448620879394,0.0035114521553373437,80
78,4,3.807365609184248,0.0023749778640590117,60
78,5,6.066108331572798,0.002090416934967498,88
78,6,6.209477339439197,0.0025774001919861493,79
78,7,5.169942219585695,0.0029027206309354624,75
78,8,6.044420351378166,0.0017892808472065424,80
78,9,6.554607497296117,0.0028700147598410943,87
79,0,2.584983874964113,0.0014605983981970992,42
79,1,4.75491204295742,0.0024121939108831753,55
79,2,5.614732526983933,0.002224622138142312,72
79,3,6.409414573533361,0.0015261130259309039,76
79,4,5.6724504881353734,0.002719925802703459,72
79,5,2.000048091988569,0.004972125526880873,24
79,6,5.781383808122865,0.0027499861280406578,82
79,7,5.8826615254047825,0.0023909776140821045,67
79,8,5.044414198193913,0.0021199132720255824,52
79,9,5.2479449503291065,0.003645324903488003,71
80,0,4.906911969851466,0.0027577104210765864,87
80,1,4.643875854079757,0.0019120848756378804,73
80,2,6.247948887686517,0.002028475969832597,93
80,3,2.5850123738904696,0.0010656961844330568,31
80,4,5.584990554406549,0.00165322931456356,92
80,5,6.554614773626542,0.0020481291628002313,112
80,6,2.321975118167343,0.0017270719631592337,33
80,7,6.303804828017505,0.002768006986116468,92
80,8,6.584981203186016,0.0022624265383839035,110
80,9,6.044420999081548,0.0021721355663890363,78
81,0,3.3219537439739546,0.001558749669012723,45
81,1,6.930756259025977,0.0024801226638033703,98
81,2,4.000018702464851,0.0034241808752191066,56
81,3,2.0000160306860906,0.0005253151480498698,28
81,4,5.977308422481356,0.001505839026323295,98
81,5,5.781385751233342,0.0033300489044820903,75
81,6,7.098050648911115,0.005009794573722026,96
81,7,6.614727510584315,0.002777854462732472,99
81,8,5.523578219071701,0.0029977384144437747,83
81,9,6.794431463774688,0.0029676244479105002,98
82,0,7.022384583591806,0.003255121293833034,94
82,1,6.7682017771435525,0.002286506787285588,95
82,2,6.658233703498551,0.002876576015524041,96
82,3,3.4594704808665,0.0010662753013431414,41
82,4,6.022393133280976,0.0021489271925274893,72
82,5,5.977301637016262,0.0017138545636011236,96
82,6,7.000015195755083,0.003586831632784971,92
82,7,6.906914285391969,0.003344017485720576,82
82,8,6.426281158194552,0.0022894402263598157,98
82,9,6.426286874557452,0.0016922259622520538,94
83,0,6.584987882630082,0.0027286978875449013,101
83,1,6.714263227756039,0.0036563535082596234,91
83,2,6.228837784821588,0.002253604967966514,83
83,3,4.5235879768690594,0.004664591259692721,78
83,4,6.554610225920607,0.0018780379973242275,104
83,5,6.285420578791365,0.0022896178190367164,84
83,6,5.807379349760461,0.001995475340093286,77
83,7,5.459453478658015,0.002490093600967861,84
83,8,6.614730564045272,0.0020659125704478795,103
83,9,6.49187209565879,0.0026153883780073816,101
84,0,3.169946375685268,0.001677175079935715,49
84,1,5.832911763394038,0.0023553353004403346,94
84,2,6.643879701439663,0.0025169030862935544,107
84,3,3.7004791782496698,0.003971995651718276,64
84,4,5.087477300301568,0.003472976333239836,88
84,5,6.2094718514631,0.002893505801473523,88
84,6,6.228838639790618,0.0032128735710627875,105
84,7,6.569874507663647,0.002339848484336071,105
84,8,2.321966568494944,0.0003136768628970325,23
84,9,4.643888678607682,0.001591098994594831,77
85,0,6.459452992880218,0.0022250698515102365,48
85,1,5.7813873057214265,0.0021897855729158472,56
85,2,6.977298922829041,0.0072164108655837595,56
85,3,4.169944000771422,0.001832457358522286,43
85,4,5.129308055339725,0.0013168316343959896,54
85,5,5.614733835609545,0.002341572911809505,55
85,6,6.5235854212563185,0.006089524853294605,54
85,7,7.0223878719345505,0.00610670174132012,55
85,8,3.807370189378217,0.002638640413846113,52
85,9,2.585019498610587,0.0019759499089485235,32
86,0,4.392340832661754,0.0027340488245290967,69
86,1,6.3038023929798435,0.0023420416393491864,101
86,2,5.700467258023376,0.0018833545907682135,100
86,3,5.672443363394756,0.0030461338335592038,90
86,4,7.033443233646351,0.0032198181859185307,100
86,5,4.643872434203137,0.0030630157058531295,78
86,6,6.426282400882379,0.0020261494539585653,80
86,7,5.700457392998816,0.0010613719852602106,95
86,8,2.321958018815936,0.0010595854895909295,38
86,9,6.754909074315886,0.0026479408280864376,85
87,0,6.67244483025349,0.0019181606260666054,87
87,1,5.6147347080265675,0.002884273440389157,86
87,2,5.554613864085473,0.0017335910450941518,89
87,3,6.209472429144931,0.002356668073289814,89
87,4,6.599937521721714,0.0023817590338496373,70
87,5,6.7944428248478985,0.0024068769674260924,93
87,6,6.977297735371873,0.003275238062999531,92
87,7,5.129301948419396,0.0019908023390037754,76
87,8,3.169939250942206,0.002494917465104612,54
87,9,5.954216305647667,0.002244958210261246,82
88,0,5.781377978789381,0.002605650932988975,88
88,1,5.906915532221291,0.0016853805094868908,79
88,2,5.781386139855402,0.0026996059727463365,90
88,3,6.24795254380295,0.0018147839643228676,90
88,4,6.47575888792521,0.0037473642386702194,91
88,5,6.76820373808189,0.004071919636800899,89
88,6,6.475752403611101,0.0022981267477820123,87
88,7,6.10854799942026,0.0024185388246139583,85
88,8,6.7004588316487865,0.0034627960416850276,81
88,9,6.409412561842094,0.001918840442596381,85
89,0,6.614726638166676,0.0018147054554396528,94
89,1,6.129303475149767,0.002862569426095378,90
89,2,4.459449106657343,0.002774192079620004,66
89,3,5.954215616156509,0.0033092464287132377,79
89,4,5.954220787339098,0.0013583905813258565,72
89,5,6.375059775506839,0.002746811686500183,92
89,6,5.700457804041679,0.002557800181542983,86
89,7,5.584980757889583,0.002582548211834409,92
89,8,5.781385362611269,0.0025407475939816476,81
89,9,6.954212858191526,0.0032260148218056666,93
90,0,6.06611534997338,0.001935180989563649,87
90,1,4.392332690099371,0.0020853603009386413,72
90,2,2.584969625473398,0.001001266269312697,36
90,3,6.614731654566784,0.0024595218040971826,97
90,4,5.727943441954901,0.001977494519174551,104
90,5,4.321946262996505,0.0012878907721384735,81
90,6,5.357571814893453,0.00449131211418767,69
90,7,7.055300595574919,0.003571860208500426,98
90,8,6.965802581016588,0.0028999785563320014,98
90,9,6.6293719490863054,0.0038693142283493178,91
91,0,6.149760967610485,0.002964667945988061,85
91,1,6.507821651597781,0.0025966661142970307,107
91,2,6.539179725690264,0.0028622620394366943,86
91,3,6.554609316379229,0.0019357825213287014,106
91,4,6.3750618356728115,0.0030275283657723415,104
91,5,6.022389844939753,0.0025298649952114663,85
91,6,5.357574942828415,0.002119977911698074,110
91,7,6.189845933122988,0.00219682472805999,103
91,8,6.727946264964578,0.00310213542892212,92
91,9,4.906900570260376,0.0021196897526183194,85
92,0,5.357571293570865,0.003373624676647029,83
92,1,6.614733399401025,0.002002143148510604,78
92,2,6.870388834110916,0.002378207002252386,92
92,3,5.781376424299939,0.0020481055098529955,74
92,4,3.169944000771424,0.0026725999166628306,29
92,5,6.918885494749879,0.003889283199165636,91
92,6,2.321983667833133,0.0007477501266168796,25
92,7,6.49187209565879,0.0025120498758782906,77
92,8,6.000023044103944,0.0015890753947821108,73
92,9,5.209476472916831,0.0014569463096771734,75
93,0,4.392334725740525,0.0027338103113669636,62
93,1,6.087485472800433,0.003870324107300512,89
93,2,4.523577754414488,0.0015918699838177533,87
93,3,6.741489958716644,0.002679284207591902,106
93,4,4.906912682325527,0.0017305140320218212,86
93,5,6.9773012977428435,0.0022787490653744277,105
93,6,6.189847689908211,0.0040289325697340575,87
93,7,6.870387372625919,0.0032308216257037657,104
93,8,3.5849803125931543,0.0014112473402779085,74
93,9,2.321936644589502,0.0005007874108267818,27
94,0,6.409412058919219,0.0035142438693387622,85
94,1,6.700460886862628,0.004074447548597952,96
94,2,4.169940438399707,0.003085448104254379,74
94,3,6.614732963192494,0.002832105433675731,107
94,4,5.491866870846545,0.0036526005959666426,111
94,5,5.930761514982168,0.0025249430143695745,91
94,6,6.599941267717695,0.002468430572111632,93
94,7,6.754903137030442,0.003177532104428153,109
94,8,5.247946637768173,0.0018361811969274868,80
94,9,3.169946375685268,0.004187838569837878,46
95,0,5.882657540378532,0.002215375860156889,88
95,1,6.700459448213005,0.002820875922370541,88
95,2,6.569877657549358,0.002531240677834839,80
95,3,5.672446297112057,0.002494221197208835,82
95,4,6.1497721062916675,0.0027683541532293136,84
95,5,5.7279426353805345,0.001955692831604494,85
95,6,3.700472601574688,0.0015112143999798837,81
95,7,6.768206091207429,0.00192308584394257,95
95,8,3.0000347331238295,0.0029946069588310384,44
95,9,5.9542321639322875,0.00339243126052821,99
96,0,4.000013358906687,0.0045322892868732015,56
96,1,6.392335234650763,0.0014394950145582095,74
96,2,6.000014360824025,0.001581035405382217,86
96,3,6.942535532033891,0.002633210930962563,86
96,4,5.781374869810278,0.002669852487133217,82
96,5,4.807374006205088,0.003767364241141739,82
96,6,4.459453964435778,0.0028243040564634456,64
96,7,4.85800679162254,0.0015466678215280052,81
96,8,5.285425785332913,0.0017237390711846016,81
96,9,6.412260495499814e-05,5.606936508025507e-07,8
97,0,5.672441686984542,0.001799039578131387,85
97,1,7.022387543100394,0.0025745105297356567,83
97,2,5.61473209077539,0.0023464914702355597,86
97,3,4.5849865467415825,0.0033032591905318705,70
97,4,4.392334725740525,0.002188743268254695,62
97,5,6.8329142008050185,0.004053610109620051,89
97,6,2.584987437333923,0.0010538250188547981,31
97,7,3.3219366445895013,0.002057264490910695,47
97,8,5.643877564017697,0.0020882002418693268,84
97,9,3.584982093778777,0.0025622587292295335,61
98,0,4.459458822212082,0.003890957082236516,63
98,1,6.614733181296747,0.0015038877170344726,74
98,2,6.321945461462897,0.0019074136401821189,86
98,3,6.189850032288161,0.0014890534361283825,87
98,4,6.491868770778569,0.0019007082951827852,78
98,5,2.321987942663553,0.0008819448449304347,43
98,6,6.087481386551769,0.0029054400562803736,82
98,7,7.0223854056776185,0.00454239451246727,87
98,8,6.584978754055532,0.002561821139271927,89
98,9,5.169952906695694,0.0030460722968535035,67
99,0,2.8073854566777534,0.0010943096690102542,40
99,1,6.1497696979291065,0.0023428709972257754,89
99,2,2.8073701893782173,0.002267268221619154,39
99,3,6.303804557457767,0.0014873083363694949,90
99,4,6.339872168765422,0.0026995077113040927,104
99,5,5.781379144656321,0.002202017682764847,109
99,6,7.076833329758993,0.004693556692032854,110
99,7,3.321938782014004,0.0011269755289942142,55
99,8,3.1699558753355492,0.001294110594226366,65
99,9,6.40940979576599,0.0021282048072919155,112
